$ANSIBLE_VAULT;1.1;AES256
62326433313635313861343865393034383638363237363630633730356432653638666234643364
3664613063383939663263333133303866616331663361360a303466303263383038626436663736
62363864623330636237393730333661373530323938396163623130663039333065386638616634
6538626131353535350a393130383333633033313963356665613032623434386131363061396336
35363261393932353838303539616664303365643931316534626466303164626537383433316536
31616262333035623161663338316238363864613861363264373865393464346533323935636261
37626462386365346430313036643964343766663163386131383730633031346363626533313431
36666137336666343561323130613438646130316137353962633439626531333633653531373836
39656632616634356339656536663232376531393635323166306535333437383165393666383331
64346463303930323961623634653737386339663436343832396638303863363366326266393436
36316434663634326261663161653733636330393531386632636139366538643031663665303834
34353339373630333732306135333739343061623734643863626434393632356365323337326362
30393063646638656233383163313930626239396665653764663130396162623036326463393230
30633638653533626330376533383465393630653539376135346535633337666434303862343839
66336137353336623563613863303565636161336462646662376538333263373763356535616634
65323231376564613261373864363966653434376530623061616465313666356437363136656233
30343461613334303837353231663631663432653461396264663563373331336533653262623263
65663663633539316338343466626362623535653865316431656635343566633333316638306438
34383433653531363837646437373862633436613331663636326362623266636439393065333633
32663836376130356266383938626566663365316638363364343334643965666434303564383166
38653731323137636638383561646435363633343531643037363137363666623337636664653064
64366436353839326336663536363266623764613866316263663335623232663131326265626331
63636135616562663762303532386263323436306538633334343764326262376434643733353465
65386136656232366166616261373434373236336462333436316364616137653164306336643939
33663233333433343538323330623136383933376262336433366238373764623133656439613234
66613130653264623830353466363961626461643530643766636439333961643632303135376662
64666261373130383437323466363335303037363538313338396630396561373731396163633439
37376263643163303739353534353434366439346637626464353137666633323234633761363639
63346639653366393533393866373264303363623137303164643833663232613631323564303939
30333232303535336231653938613930633836346334326433383535396465653235333661666436
33313930623635373863326134316638373438303339323332383939396632333562333338303962
34393461396231336138373665626233303939623263643138353738613038643733636232636137
35633964363338356430336536333764663666663062346634663766333062643666353738666537
66376161353461653235313933323866666437303239623638366535623939393265373765396639
38373434663239336663303832306232323461616632616133363334386663373231353362343831
61346431623766626637353632656664613035346439323737396330656139616333316538646436
33373436393337393438323235666238663165303564623265356134383732363261303265373134
39636137613031383735333035386136383632396265313165353237336435636335393066366463
31336333643363623731333862636465396161623238306334383031343034316331346335313063
31633662333033326636343332363930363539303565323134343661653666383539613133613430
37376638383964356261303066353530303565303739646431663861393334333135373161373030
37666532363962646436656562346133613036343430373339313830633738623232653734333333
63626239353434333965643738646231353766323066316134313566376634356461396261363634
33326662626537623763393638343032303035643435616533656238643033313931616461326363
38343462373137623866613234373631396466393062343033393963326165656365316134396336
34343030666335373835323634373931353463393035393633666238616161306665336333333137
35353839346332323164383039613264343138666465616665393134333638323461623939383965
37643234613634343363326266326365383931376663373864333661633438333136393831636662
36383162663537303063366261333461666538366632346633333963363661633465636136353638
62303539323265366165343666316636366462613130383861323932373234616334343936646366
37663434613730363236356231323864353933396461393962643635653330393863376332336561
34336361636133633031326432623264303039383765363536666431663736636637616531613364
35373565386432623561376634636666326535333832363838383961386236636631663338383866
62383633653866373439663166653130653634353865616362383663393230393939623230343133
64386261343338383561363638653331313537333339643632336161396230313061323464366361
65323233396561346431383639313162346664333338333864626537643539333637663330346536
63343837336265383835336564323734323163633566633735383431633838356439636236363036
30313864373337646237373133633835353835376161303733343762623965363436613437323737
62303762663764373532336330393666383563626336333739326464633238346133656539363235
66313235356332333562313138303430323734626138393636393862383963303836633133653765
64623534383237376634366533343534383638636331653536383536636634346231363536653061
64333731323436656162386461306335646539393238646562393736363638373061313966323230
35646163663439363936353837343235333236303435393236386365623635363233666133383537
66376332303236386133346338363834653036636464306263353235383534303139613265646166
61306365643565306338353031633033353961313138393966343833623361656338383262363031
37376533393365363835643838316333393865326336363233646231393837376435616163613431
32386263383962363633316137346330653337353464626234313836613031653737613166316539
30363365623963623739616437376133396263613666393765366237393032333265333864356661
37323439613235386131323936323639356463356166363336343164366566353634613634376334
37643564313533616564616336616234376538336437363164303035316166663332323530373833
63326637326666613231643562353436653261396635376163613738336335613936306233313964
31393035613865616362623861373733353865336638613966636130363433363731633563633561
33633961653633393338653637386363386234613937383364316138313231306363643565326435
63363830663462343263303832623666313462336435306534356465376132633566323265393466
38636134373165613730626136323935346362636561613430396263396330393538343166363033
31616631326634373536336263323539626164643230643737363961366435653638353038643230
63623133353066616135636262616439363234323339613939626432343533353237383837343039
37376433633439333161323564653532643762653830626634366138323638666332323563396663
36393239666434643438643631646239366465383231653937356534343533366562666465326635
63326563336661366435306262653734376565326132383565373166333366366337393436636464
39656632633037393535653633336638386139316566366264396332363035663266383966633564
34633334653436373663326237343033366539313330343637643565626630643763663034616632
38643132656237343765363134623530666163356334653162373230383336643838623333633638
61323361316465653432303339316137363732386362316366373030346266366235623366633833
37633061383739383033663032663537656462383564306461646534343733663735613234663265
61663833326237663637343035653438666566623130363130613837353138333036646135363634
37333363616635376665393961333533336130623630343436366635613563383134313462333364
66353364653061353032643439653535643666373566326639386430376532303165366465363562
35313261313061656664316664653638626334613034313231343265356231666235356134333730
38356164626230623464653237353862636566396437303130363462623433306165666461663661
32306464343431383232326166626639623064616631646339636135323833646461333832393065
64613337393038393462366334613635393961306138313034393763323234343866386332643730
31363464303462383437313233653866636564303032383537323063643763383564326631326239
61353934623531626565636539366337353934613563393135373833373338616663646462393831
32616436356233323135643666313438633231613163386135623861386430656633646531373164
37663838393865633264353931306164333134666335633966363033663431653831303062393839
39613531356435343363366337303538623533353231623065333336386138616230336265626565
37333435336466343564353462356631393332653739336261653461613766613936353162393535
35363033346464643964336335633435356566623862303934656633636361323662663761613131
34646538376366356335376438346264373532323837353037326335363031333032396261666336
37616336666631376166326239643530636462363166613133326365326135326534323630346334
35356166646163303937613932646638336232376432613832343637376434636339356630303662
64663262303036336635663631363162646639353635386366333266613538313163363030643430
39323338306539376436633066616135336162323431376139396231326431353261373261613339
35313131396665356338316137633464643364623735613430643035343539666534346365636539
33373861306164626433303738336266613261653137356438313963386139306365343664656139
65363630613165653562363662356462336561303439636230653539313265356264386130363930
66343163373431643964656136313634366462363063616234643666643631373436646530643938
62333032643538666334653964326134323733663764393439313139353835393530303634623737
35346163626664313562386138663066396564613231333838646464376532646333666666353735
39646564363736356165356637626638656632653934396462386535363836663864366239303337
64343334633863333736356238303564393532623637303230316136653966616131333161346163
61316239626331386237393738613065353036663566616537353463386363656162383530303461
34343036653731353465383231363533613864363639353432643034323662323533396665373565
65386230626132376565343338356630356335326336613765353264653363666335633765343331
38323631616630643938643532653866386563623365363761633635306236313863653038313061
62353833313839353035306263613962343064616263633565623833303866343633323066636233
38653361303962643031343638373965653666333566626334643737666161653036366262343830
32336330616561343866373861363534353736313234323633336630666435346137326530613932
37323035613132623966656161626138633264613632633531616665633539663231313237396633
32636363376636343533643530326561336230363066616166306363613832383562613439643239
39316638636561623135623539643361323161386430643833623965633462613563303664396635
63646662656231656164373661616530623733303033323934396335393432343530356135343163
62613966646232303934353933333565303332643431346433313366346435303463323138643032
61386438613236393837333839643965313733383236633066653231643463653861386533626665
33613736353937346539323963353438346566646635396134613536323461643538333433316262
36393333326632396136383934633962353064623239323631633266623439386164643131323133
37636330376662383564333937386339316664393162373833336263613334663564613666353237
63323362373634363538396133393265386466383764393632313931626237333332383637616566
32636666323533333036383938633739303365373139633363336337343934613466613364343566
61383738633866356562613261323432663562306265386335383964663163613766636437326135
37373830666435393531613336323036353337636362303938613135326132633337303461306166
39336239363531326137623366333530333366346363303531356534636263383632646265386330
32343839656537343034386662333264336662356437313939343564613236626164616631313330
34356664653161333638373136653562376131366362333864356165633937646362643562636364
30646434353635613339613663373365326135313531613664333438336363343939646334336465
61396530373466343735663565663937643633356636623534336266306630353131383030326430
61306263666463353737663036633137656639346430356562326637333862306466313432316333
35643532326663303561306665396362623830323736303761636334336539363761393761356332
66326264373561353837663930373365396436373132636639313937656435646637353364303662
63366637356661393936656331393965383131616662666137373331323636366534
